36.77953113770719
24.373835213831992
25.024731714842616
67.34205602040508
30.25834696108718
69.60274504460895
36.90846811552679
56.75827420561875
84.97762215207824
76.49052099693522
23.757465730892246
56.18285334229834
27.063878989533606
18.010231747291602
84.95539642639989
28.772981242749754
117.96770323209505
53.880352412248854
88.29406710051104
22.335555891663745
58.183409165686136
47.642426427916554
69.27359272113816
26.497757187857285
42.757118688962215
36.27080229499249
44.42907079123438
37.69079425458992
69.43691253727164
37.073229609257815
93.37098805890156
76.45739722189916
53.9682962040504
86.71592581977387
61.99058579153584
11.401477880934902
41.41031294068339
39.627140966929275
56.06289718066651
41.88946432303107
29.605309568566767
90.8538848168708
66.49915164800439
76.43237888079591
82.27786193332133
79.02708614999064
83.41820444995145
46.929183175134206
45.617264595622224
67.49479094020829
89.49393689163239
27.210774126438913
87.4929503173255
52.115964668717496
36.919706722350746
49.44593511460005
97.19316473567568
73.39003943237638
34.424759398712744
56.821143783491394
50.592089765268156
43.95495423888317
70.75617288212581
64.20979535223185
34.41752781335159
96.22677513568573
30.950860386089747
100.21582759011696
38.66914792786388
34.996052723508804
49.14637694613576
56.36328098186876
81.13382040344688
37.07180706571114
24.320287601777803
41.76079725007357
66.1302908618419
37.54944901279443
74.03618041892354
51.21926016843044
98.48560673020594
88.11495564070115
78.17079423074081
74.70276510236712
32.38637795189511
24.292765388247027
101.31701983235162
36.80006043452972
15.302459849547427
54.41132083710045
53.38355207020858
39.62911548214367
88.71938161523005
44.31622192452382
40.97631060892689
48.42233550859758
27.550919994618223
56.88709182967263
22.04915719729928
38.36716608377722
43.487644871323006
65.62917602818149
60.43115835847422
47.73141410254747
40.05801341692792
41.694092697704995
63.09727242909872
46.27281292818827
67.30646553947449
75.12852980433692
33.6449070804028
66.0872206321531
41.22246645126846
78.98846230121259
16.952509584486325
45.62333221124447
30.353293095420852
31.183096741561716
29.84286032184349
49.510369247833864
86.06154116450062
40.38275587742919
43.208511089254735
99.87807818773959
10.181486033428625
35.47601300651411
32.40027985248144
86.92698326541614
104.38847534647024
43.34383275856107
39.759662644309635
72.84909018522787
15.57311207708675
100.2793144441408
157.19819162283875
37.954538120059965
54.82546910115501
56.22022300592773
81.76170186800572
69.4256324173687
123.4315194764511
34.88543650216408
36.19502582904835
31.54322751075785
63.387363309742646
74.82667751789577
68.25280902724728
110.8536948662733
5.578839186352379
38.79538618973498
90.79308235028864
41.59250238312152
39.47124678387357
96.90046499731652
54.78069816485753
76.42196470755799
22.175149482332248
32.75054308671045
64.74035341207096
116.95221651648723
106.66654375254826
38.0279454170188
142.2538757708073
66.26905306156061
71.52905829183015
36.21416623161809
38.07534722113759
51.96039451013803
62.50971119340407
58.080671729728884
83.42854404818435
54.69477557677713
75.46405488120782
32.96497486738811
30.303432060177297
36.41548056196761
46.85374288625868
58.10045369289851
59.73437641500166
35.15360912384393
16.22401573046883
93.93252867300754
37.96626064596345
85.89526429771006
49.140151602721566
50.10228120787225
57.557950979957006
54.72994285479905
62.55985147421508
30.07277615306484
39.50123350207651
53.756465112548206
57.903214009394645
114.884791774664
60.70963301683246
77.26948359532332
24.73252065371006
59.144918315005015
121.25330140712322
64.31822110516237
54.056533801516935
84.26444156196555
78.52681865005665
83.90814863182271
28.855616699355757
42.633384625714804
96.59711770125755
51.730191148949025
51.95747777512316
88.55747029033724
31.34212298462257
42.19545793392888
7.356262712878995
47.39834709271923
53.531724138668956
36.99966508410316
85.49495787712307
64.02351059418892
41.31532140487826
62.1525268523016
107.13789861930825
19.679920981701304
58.58006901506051
31.963153862757014
31.24003985325963
86.56974600635209
40.713517933126546
35.081218848364756
51.4355695542572
81.4032394453439
31.57971249487751
52.405088302266826
53.436310523487066
84.33940043829475
43.10939909186845
59.22841198142363
64.81552725650509
22.160749314208857
6.977913285060695
33.029912262624364
29.35623136132983
53.11623150078238
45.38908674741634
71.43692392043141
56.49445000877265
31.728324819780582
69.81338440526748
32.17219763520492
61.75122329269022
85.16604592878903
62.13196186183858
113.80469751792997
51.21240952665439
55.50619178012189
69.6413441602624
27.62708667414312
30.660316029683973
106.0174303447784
59.182745353361405
39.29902523920986
30.18168712943556
38.050725166860225
71.84176728862555
35.72193630780101
40.233078711927014
81.77943918654839
35.289323237926695
104.09155908955826
58.60927620115538
107.10630700709797
63.56813971242712
42.32372465395415
42.93129630761038
45.810482022982264
76.39706618564688
63.5416142395376
99.80943647969197
111.13493338344063
31.338462188923536
59.317622815578076
48.00350463033494
37.87005296374927
16.800934213212265
38.93174017761368
40.95736527223777
86.32624037112006
69.53377385412459
34.46801861658014
80.01894664627814
38.018262196037256
46.977738277479766
87.16017930910867
84.24155970959889
67.01879894447568
40.119521678523554
35.44007401779934
47.98022218971496
47.54929851147206
57.67947867843566
80.32092914051543
53.03408833596526
119.16314816514873
60.058798371462814
40.449342037183975
50.331777555145614
54.618476509067335
53.02745399694775
122.42041696246288
57.003976920354404
106.67832485578981
67.83908712677507
69.99254166997667
27.36237973421216
50.14096968511262
21.444609615725145
27.263922077654115
104.62833416042149
67.51344768320915
42.47252831393812
49.65770922538154
81.4791526500044
32.058315966323995
42.63579344284987
41.93881772368271
34.72355511308756
74.6348815038682
59.20634921042264
34.30950624497716
18.398632663549648
106.07495293863201
249.05973889176124
60.7482430889408
57.4811189672073
86.53701822239216
94.08528541384219
32.904732433200586
64.33386586612326
35.83450166868599
39.43639985948074
51.85269975279825
37.56924198271053
64.85676099922112
48.17054402541982
23.494202454675644
97.61794532631549
60.53150966064471
61.16662147607933
32.76809633381186
43.34674475868212
55.89190838400379
54.29617572104673
41.38048748226737
51.94949501782285
92.02045493502116
106.2028637306158
85.95828104412367
22.79833125083126
43.84844925229992
52.33042505793045
56.426282301522654
48.63490915694622
42.10357653894306
52.05038583092332
51.494668149350055
33.453244011538516
37.02769792136064
27.236155730662677
45.64657945593856
63.357573720795
60.57155990443525
46.08566655143577
55.887191394396694
51.02921062755689
41.43106853922281
52.11071394789266
71.52009999286739
42.23125101849966
117.21862036028926
55.74651110115039
19.866778898919286
51.66609853176718
44.66389485607489
75.65389018204387
106.03480361025179
24.945159855744148
42.71925729023464
72.72430116984869
48.58581016840175
115.16413846975466
117.27644368563645
40.617005539197365
45.973198195497936
65.68040722244868
35.120148929868414
30.832889321171365
76.53635107181765
86.37081553000849
16.08817614888089
78.20136966635297
81.28107693593408
49.51500443178364
71.00026800082345
49.06685944646028
96.64644047530044
19.02351623071867
78.35285573598385
82.91388686177001
61.90130570833742
24.268009847712115
100.90789534385495
46.3108769249584
85.68440518057275
75.08746448623091
401.52965236546885
58.60644623544648
100.48520698819723
28.52655229743022
40.94357590305655
93.07195079371517
47.17354711042435
105.54222956983139
23.07760499310563
37.460538819491354
45.82338350293063
42.785434187908066
67.4917980607545
28.014397760757756
11.618768428823424
55.49306299708005
83.6923654023604
100.9691116925474
62.95094697695169
52.64104178623785
68.61561638760223
76.01900609985888
46.0575805957017
30.150458065186474
49.82932200418889
43.910955152221305
72.91201118214066
49.858928559562166
62.6801752500803
14.311410738125003
83.72370338197217
60.28792926273934
91.79427864012317
70.1458241080973
56.43746438109461
38.40998959682025
36.06032361355392
63.25702136451095
48.66136967697357
43.50896355357376
73.8709836118813
61.4873358737492
62.46758827507315
90.71365981879322
42.88518286002354
46.04799040896092
47.07734316631733
62.45209166773333
67.07971139749131
75.65760707727058
50.76546690457745
51.31947105720282
64.73537755519301
140.05988991896126
33.913844294116714
33.95762020360707
131.21794666724261
93.97704340827262
56.88712074537498
42.04621702675512
81.90397760913119
59.35472544273668
26.130456701200103
54.0372958904752
104.910446859647
9.622428838566607
45.49720290407765
115.82245235349748
25.08822326078139
68.24811123303958
44.36325730907553
52.87902120610961
111.7436657669005
46.394552269813374
30.04578437397259
64.94391311793075
67.39912395236489
100.92335810383581
50.583634092087294
65.02359450030836
49.34004739415597
46.50411540642012
73.69873983777764
71.30309283667818
0
78.19237564279567
64.8967021947678
37.6591170253919
95.73916666464484
9.953624560731187
22.042784940980034
152.9266902588693
111.72903701598729
27.83310959744701
103.3447337092175
90.03143187598731
59.95305158917527
101.47802979668589
25.884524756331942
80.82794656293696
47.43738200360415
58.55356074520152
42.706699736980966
10.485886999462311
100.55156981587342
83.08833354067005
29.041830468776013
97.47788960730828
52.497531996499866
64.10215994030239
78.63381235379865
42.49872452323518
24.62559420200231
15.89551631330984
60.891009597931365
73.30500454140608
83.16280419533273
28.527576300232745
19.59812133726295
95.5825805666227
95.74468595515589
49.186290017929984
79.4854728789125
81.87075229120225
51.867768651273266
61.51992839230477
52.87032266302752
27.67293494046413
39.52024560393977
11.657797212576
85.32428974522337
23.36552077912056
107.55174862263974
62.215114830317134
50.256920127816684
72.90283335132048
40.91325985772902
39.38141617999164
86.4580792679689
44.21943308905821
70.49312165888682
82.84806264096714
72.61132440650455
37.13196594286229
69.41988559531575
65.51037641126035
32.61498406722672
56.65709344239926
38.89949274240859
95.56140604641762
47.94823594310127
29.5915374288125
152.9775933002562
66.72280847943351
41.49464597929488
94.69917199244232
76.4415087969769
102.92841058161711
62.183638737790424
64.71895902981544
65.15189859387293
83.73282232575112
96.92471603924253
91.14346042560042
57.226122318846116
29.33162114338183
24.776309266246834
32.493801772219896
25.96056694309453
110.44752486872432
19.02179972666077
48.82622805643507
102.24942868584125
62.543406533492465
61.0157072096019
42.889747703253406
85.06600143101747
52.68570939039157
60.77801849399678
50.07365123559776
60.35853145950862
29.029315800099635
48.45268658516177
41.77132012866108
65.81601721413269
44.137637497775486
69.91335859594535
38.044921833691205
31.274442273079444
29.21806574510661
65.53849890715607
23.860520801107203
48.917048212402804
38.42122592166437
54.24858907165856
44.58303412652226